     12 asdas                                    12 23.0  23.00
1889331 juan                                     21 60.0 168.00
1889331 juan                                     21 60.0 168.00
1889331 juan                                     21 60.0 168.00
1889331 juan                                     21 60.0 168.00
1889331 juan                                     21 60.0 168.00
1889331 juan                                     21 60.0 168.00
1889331 juan                                     21 60.0 168.00
1889331 juan                                     21 60.0 168.00
1889331 juan                                     21 60.0 168.00
1889331 juan                                     21 60.0 168.00
1889331 juan                                     21 60.0 168.00
1889331 juan                                     21 123.0 1234.00
      0                                          32762  0.0   0.00
1889331 juan                                     21 60.0 168.00
1889331 juan                                     21 60.0 168.00
1889331 juan                                     21 60.0 168.00
1889331 juan                                     21 60.0 168.00
1889331 juan                                     21 60.0 168.00
1889331 juan                                     21 60.0 168.00
1889331 juan                                     21 60.0 168.00
1889331 juan                                     21 60.0 168.00
1889331 juan                                     21 60.0 168.00
1889331 juan                                     21 60.0 168.00
1889331 juan                                     21 60.0 168.00
1889331 juan                                     21 60.0 168.00
1889331 juan                                     21 60.0 168.00
      0                                          32762  0.0   0.00
1889331 juan                                     21 60.0 168.00
1889331 juan                                     21 60.0 168.00
